.Random.seed <-
c(10403L, 582L, -350785590L, -1996932750L, -1213188402L, 1708217655L, 
1525870837L, -1022135018L, 1539428394L, -1520131855L, -801349328L, 
293868557L, -1450324317L, -1974715529L, -876781723L, -1489526264L, 
-1042610144L, 766685303L, 2106423065L, -1920867531L, -2024335141L, 
-369605125L, -1737437751L, -1203464059L, -1621257654L, 1335591229L, 
835994095L, 109758098L, 236166250L, -1211918531L, 703145674L, 
386905980L, -1273642307L, -1316918999L, -1745337883L, 516355859L, 
-818087251L, 298233229L, -796630547L, 1438979675L, 1757846301L, 
685228716L, 1048032119L, 333975747L, 845826940L, 1608742677L, 
-1309465913L, -1493775481L, 1369480602L, -178961161L, 340709912L, 
-1271092262L, 559432207L, 98259386L, -1219205864L, -1412852330L, 
-2119557051L, 709940635L, -453721768L, -921195623L, 841372545L, 
-1183784968L, -1074450244L, 545574414L, -1192683290L, -1676482634L, 
1824279871L, 576278797L, -402744240L, -715732781L, -887154689L, 
-743223555L, -2035466630L, -1998378726L, 487050734L, 1131817260L, 
-1458455276L, 1459864492L, 1742632858L, -340241781L, 925565976L, 
-1604770026L, 153841978L, 2044679925L, 971404919L, 1685236283L, 
-521307123L, -1131361659L, 1669898582L, 864975530L, 795854015L, 
-750444566L, 835720289L, 566767979L, 817390455L, -500847103L, 
221949688L, 277863483L, -1784783060L, 1035670315L, -37975025L, 
-35025773L, -116147277L, -400662974L, -1020535352L, -1506559721L, 
187685912L, 1204012698L, -562583639L, -1517003143L, 1604823156L, 
-159651278L, -1906607090L, -153573909L, 599439928L, -85232125L, 
22508220L, 169811083L, -389656983L, 1141785212L, -1705335474L, 
8147161L, 160509167L, 1813997898L, -1979537627L, 1058461818L, 
-1335618122L, 274091341L, 1953606799L, 885086394L, -1659690340L, 
-918285248L, 1542934613L, -759180519L, -2106271380L, -1015344350L, 
-520003853L, 441353147L, 1091438595L, -574271889L, 1403824796L, 
1161271483L, 1684849559L, -1460603085L, -1088650239L, 1822600409L, 
1527305632L, -912539535L, -183438449L, 748556639L, 1937281362L, 
1410042892L, -1950372544L, 1697682896L, 1800069616L, -811420804L, 
1888607784L, 126425399L, -1462435722L, -283235768L, 740833012L, 
366611917L, 1585646240L, -964336399L, -699599738L, -66887698L, 
-1954298788L, 132350432L, -1289674615L, 1093369767L, 576264539L, 
1118767831L, 290512960L, 21068436L, 1746283163L, -469185826L, 
1386652391L, -885313457L, 1218204393L, -1923834764L, -1637706834L, 
746011206L, -386138484L, 1425938167L, -965088729L, -1293366798L, 
1432721861L, -467028677L, 478738070L, 344404708L, 1595629581L, 
885505899L, -249295578L, 134826273L, -328765757L, 685385321L, 
-619329750L, -1664887050L, -1270132892L, 1730156451L, -1589328004L, 
-1314882003L, -1536525914L, 1827318408L, 2116423813L, -1777772080L, 
314676728L, -585877895L, -2109304732L, 586813612L, -1335346572L, 
-1948345352L, -1320701910L, -1459266049L, -657128309L, -997914854L, 
-1712244751L, -1042138700L, 1458934541L, 121554133L, 1704747959L, 
-1599573823L, -48346474L, 1525318554L, -1184189297L, 1871786519L, 
899600686L, 87646647L, -1869330562L, 433958992L, -109944711L, 
-1698470452L, 2003444086L, -1372489206L, 1628012363L, 2057323965L, 
-122269319L, -584451804L, -1979823751L, 251128245L, 1322277109L, 
1399225651L, 1633830880L, 920239900L, -15218091L, 2110844800L, 
1359105911L, 1648889153L, 1084415357L, 1293915567L, 337642389L, 
-510291653L, -200498557L, -1183188324L, -571938830L, -421754522L, 
-535724069L, -1399792882L, 529170053L, 1159818731L, -1434363119L, 
-361750982L, -1317174019L, 413645568L, 1690414591L, 429907341L, 
239259200L, 853989701L, 1765238849L, 1078454173L, -1867957486L, 
-1031528219L, 1038508424L, 1011501013L, -767006336L, 1052166093L, 
1854973273L, 702172601L, 7957084L, -1433695073L, -1194210295L, 
-223321307L, 717699619L, 651963657L, -542116758L, 1250904051L, 
-1197465419L, 1656389536L, -981033336L, 1926320200L, -590181684L, 
-1407475405L, 1142532711L, -147832148L, -689084908L, 580319729L, 
-970429820L, 267163275L, 1264709576L, 1759036772L, 1395739466L, 
1948397591L, 1246146143L, 1190616355L, 1779815340L, -285237855L, 
-761554683L, -1511444701L, 236620804L, 98334895L, 398966483L, 
-162497748L, 455183054L, -337206069L, 188478991L, -388134233L, 
1881196898L, 248660346L, 1869431116L, -1293112817L, 1247215080L, 
-1337389530L, -1644766688L, 50851406L, -1847860053L, -1117937948L, 
550684023L, 947340221L, 946360202L, 180307060L, -1072787880L, 
701810101L, -7284333L, -1377038510L, -1734843085L, -574983446L, 
443128622L, 625892630L, 1046263301L, -2014397737L, 317424638L, 
-1850616598L, -640689564L, -85158800L, 582629426L, 1848846302L, 
1080449006L, 342032227L, 1485359448L, -1558066438L, -1077067467L, 
725614943L, -1325187222L, -1472333347L, 1971526973L, 1134306991L, 
1855644045L, 746582840L, 1942455194L, 1278328185L, 1309837761L, 
-154431158L, 1495570835L, -919576762L, 1360324338L, 828675760L, 
657486013L, 1025828184L, -904137250L, -1586901185L, -1231660440L, 
-1383953203L, 836826699L, 681396158L, -1142675842L, -1997453668L, 
1089917267L, 1224744731L, -1945590569L, 967137188L, 1192876837L, 
-1898653789L, -1810938209L, 439273444L, 1017211848L, 538556459L, 
-200565148L, -623860099L, 342031564L, -1737721138L, -1270020923L, 
1721506113L, 1300477751L, -1279522936L, -630045427L, 611471004L, 
-903119698L, -824444247L, 1587525402L, 623186710L, 1738002241L, 
-330079360L, 461460668L, -2040038983L, -443194603L, 1797651300L, 
-805981904L, -456121185L, -195996617L, -1226855602L, -1138469762L, 
1164775615L, 498130639L, -1969520357L, -541506028L, 844307645L, 
2114679634L, 2024678795L, -756500066L, 1043078188L, -2143010102L, 
825188193L, -2091477464L, -1693605850L, 908071537L, 2116613815L, 
1438452382L, -1197642832L, 682141798L, 1726154415L, -1079287481L, 
654789434L, -291942808L, 1564105100L, -1099711903L, 467903243L, 
-1129360795L, -1788041034L, -245949562L, -1979097444L, 997646084L, 
-787969792L, -739704379L, 1442179264L, 1514991113L, 279676100L, 
-1634845784L, 500698479L, -527042504L, -1013791405L, -503926276L, 
-642385549L, 1052429368L, 1653562478L, -430773896L, -1344845584L, 
-863516597L, -2039884607L, -987940788L, 993469496L, -298659079L, 
1391855501L, 1505823641L, -1600313115L, -1687480824L, 2008556978L, 
23505675L, -1322436351L, -1340485390L, 1233404450L, 221667702L, 
-650748693L, -937604587L, 1412310551L, 88488763L, 422342067L, 
-1409075498L, -128555074L, 1005700254L, -1524338138L, -1756740256L, 
1777102637L, -1921781556L, 2099773205L, -779650323L, 228028880L, 
1000483443L, 49387255L, 973610528L, 1160279095L, -1352587889L, 
-1937694147L, -1907832966L, -1905840432L, -389305608L, 1248840680L, 
-224996965L, 1472353058L, -1027856611L, 1206238836L, 419161897L, 
764764438L, -1837551701L, -410506581L, -1652766533L, 1114389782L, 
815797650L, -1863877468L, 149676727L, -1596969075L, -808390430L, 
-463862386L, -1051624759L, 805059024L, -1184082568L, -2075641541L, 
-1016506769L, 1061502186L, -1619599904L, -2087566542L, -1280227984L, 
262628996L, -1064875774L, -30331152L, -41009236L, 960281863L, 
-1183884823L, -914089081L, -912775777L, -815854366L, -929244631L, 
-28993352L, -1617044636L, 91354672L, 497284309L, 1250336751L, 
-1535137535L, 1207115870L, -1036373734L, 1951734115L, 1548660804L, 
-834111622L, -1138243367L, 1972856522L, -1219782850L, 1350090138L, 
-1527336333L, -817351844L, -57257770L, -2026262806L, 1686305354L, 
-1353599710L, -1932801806L, -689103140L, -2048120115L, 1810045552L, 
-170508284L, 731657732L, 1097442889L, -998201350L, -1834726659L, 
1655419232L, 31551137L, -53879531L, 1960105831L, 752238632L, 
-1357573561L, 1236458930L, -2022253700L, -1510612288L, 159207068L, 
-2076663980L, -184090965L, -1232214560L, 1367448384L, -1854473812L, 
1256490154L, -1785527908L, 1884043792L, 1200156765L, 431273205L, 
-746240113L, 2126771695L, -1155467716L, -895213274L, 1434418946L, 
-1303821201L, 115426504L, 1751944363L, -615029696L, 1410822569L, 
638249464L, 2024587097L, 1950914400L, -248929968L, 1277557553L, 
440087250L, -2077561863L, -263214498L, -1769438155L, -1809883342L, 
